seed,train_step,episode,eval_flag,success,orbit_time_s,total_return,fuel_remaining,fuel_remaining_frac,apoapsis,periapsis,max_altitude,max_speed,termination_reason,episode_steps
0,14,0,False,False,nan,-4.870589397847652,0.0,0.0,80.68600862810854,-598517.851576995,86.53132544737309,175.12881713837993,vessel_destroyed,14
0,34,1,False,False,nan,-4.810557808727026,0.0,0.0,98.14979443175253,-598413.019387457,88.8443427849561,177.79266797279476,vessel_destroyed,20
0,47,2,False,False,nan,-4.880589225329459,0.0,0.0,80.84619689814281,-598504.9950606397,86.26532022911124,175.1088229320834,vessel_destroyed,13
0,60,3,False,False,nan,-4.880499633029103,0.0,0.0,82.06282813777216,-598424.2756148482,86.72808358375914,176.00236078426747,vessel_destroyed,13
0,73,4,False,False,nan,-4.88016392942518,0.0,0.0,84.56231294036843,-598389.9215091785,88.40085329161957,177.90204485029898,vessel_destroyed,13
0,84,5,False,False,nan,-4.9004912450909615,0.0,0.0,81.80536124040373,-598413.2573073403,88.76923014619388,176.57563844830676,vessel_destroyed,11
0,95,6,False,False,nan,-4.900525314733386,0.0,0.0,100.02892997511663,-598428.0372954726,92.1606124653481,177.55208152191122,vessel_destroyed,11
0,109,7,False,False,nan,-4.87056449893862,0.0,0.0,81.58955481275916,-598453.5912951278,85.88846176397055,174.96143843376632,vessel_destroyed,14
0,127,8,False,False,nan,-4.830525675788522,0.0,0.0,81.86996238771826,-598383.1823851634,86.39069291763008,178.1489632410704,vessel_destroyed,18
0,147,9,False,False,nan,-4.8105228981003165,1392.356689453125,0.19338287353515626,74.26099742588121,-598470.7983461563,87.54514363326598,175.94580656989257,vessel_destroyed,20
0,163,10,False,False,nan,-4.850841823965311,0.0,0.0,79.10497430805117,-598641.2251885724,86.09298484795727,175.04871452596655,vessel_destroyed,16
0,180,11,False,False,nan,-4.8402627883479,1399.4066162109375,0.19436203002929686,73.98923642933369,-598447.8473117945,86.75070165214129,178.5194546899402,vessel_destroyed,17
0,192,12,False,False,nan,-4.890402100048959,0.0,0.0,68.95231182454154,-598390.001901673,88.21838571946137,177.48130949553706,vessel_destroyed,12
0,205,13,False,False,nan,-4.880516987293959,0.0,0.0,82.2656429723138,-598551.9125805772,86.59718125511426,175.18946433809947,vessel_destroyed,13
0,222,14,False,False,nan,-4.839876745827496,1396.2137451171875,0.1939185757107205,78.34107749781106,-598373.1273061598,89.83591302286368,178.6966550779715,vessel_destroyed,17
0,238,15,False,False,nan,-4.849934404715896,0.0,0.0,100.69072718732059,-598650.6985807644,87.94212434499059,175.11953631812065,vessel_destroyed,16
0,254,16,False,False,nan,-4.850135430693626,0.0,0.0,86.96774429024663,-598661.4751064889,86.35591336141806,175.28364083201873,vessel_destroyed,16
0,267,17,False,False,nan,-4.880006017163396,0.0,0.0,86.12344720540568,-598435.9733672638,88.92599141504616,175.80238342583255,vessel_destroyed,13
0,282,18,False,False,nan,-4.860148129053414,0.0,0.0,82.98008533881512,-598453.2500937872,86.43553361238446,178.36324034744507,vessel_destroyed,15
0,299,19,False,False,nan,-4.8402565671131015,0.0,0.0,69.17905728810001,-598482.3002494691,86.28688077768311,175.54389964692217,vessel_destroyed,17
0,320,20,False,False,nan,-4.800612643361092,1411.692626953125,0.19606842041015626,74.33249934436753,-598424.9004666186,86.09385320346337,178.59698020709803,vessel_destroyed,21
0,334,21,False,False,nan,-4.87040388584137,0.0,0.0,97.9394376113778,-598397.6937137169,89.25538439617958,178.60291956277956,vessel_destroyed,14
0,348,22,False,False,nan,-4.87044791970402,0.0,0.0,82.73529373691417,-598440.1984478398,94.81181596312672,175.10355850758395,vessel_destroyed,14
0,364,23,False,False,nan,-4.8501621056348085,0.0,0.0,68.7876490703784,-598424.7894639957,87.78878918325063,176.22888189334967,vessel_destroyed,16
0,384,24,False,False,nan,-4.810515866614878,0.0,0.0,81.9707322033355,-598553.4977228179,90.2142503040377,175.10158684987638,vessel_destroyed,20
0,400,25,False,False,nan,-4.850155740976334,0.0,0.0,86.60890493832994,-598625.53688806,86.88235557544976,175.21541120151207,vessel_destroyed,16
0,416,26,False,False,nan,-4.85054087638855,0.0,0.0,80.51924499578308,-598422.1503239505,86.37427332007792,178.9260215747724,vessel_destroyed,16
0,428,27,False,False,nan,-4.890387122519314,0.0,0.0,83.24415737693198,-598402.5994803782,85.70261086744722,177.15048513832744,vessel_destroyed,12
0,449,28,False,False,nan,-4.8007781114429235,0.0,0.0,83.44675766327418,-598656.2339082083,86.09899523109198,175.1430169665699,vessel_destroyed,21
0,463,29,False,False,nan,-4.870382450520992,0.0,0.0,82.80583469918929,-598424.1548325933,85.88197653088719,176.02813360063246,vessel_destroyed,14
0,486,30,False,False,nan,-4.780530520714819,0.0,0.0,79.26889716135338,-598432.4281775114,93.41161789756734,179.85588212695203,vessel_destroyed,23
0,505,31,False,False,nan,-4.82041737716645,0.0,0.0,83.29701376368757,-598438.4277551621,86.28332636749838,175.20219047629183,vessel_destroyed,19
0,521,32,False,False,nan,-4.850329049862921,0.0,0.0,81.42445142159704,-598312.8898946411,87.84239821357187,182.22227926967338,vessel_destroyed,16
0,537,33,False,False,nan,-4.850536361336708,0.0,0.0,81.82148187619168,-598437.2540559802,86.37879247346427,175.26529272868453,vessel_destroyed,16
0,555,34,False,False,nan,-4.830494829453528,0.0,0.0,70.05912260652985,-598479.2317338857,89.88290125934873,175.63621822692699,vessel_destroyed,18
0,569,35,False,False,nan,-4.870477424003184,0.0,0.0,70.68137643591035,-598423.2330403905,89.69042977807112,176.37423166763242,vessel_destroyed,14
0,581,36,False,False,nan,-4.89026116579771,0.0,0.0,83.82287620776333,-598484.0944953603,86.74395745550282,174.9627241785894,vessel_destroyed,12
0,608,37,False,False,nan,-4.74023824185133,1375.3507080078125,0.19102093166775175,75.05464262329042,-598451.9733716226,89.95243114430923,176.4651158204989,vessel_destroyed,27
0,623,38,False,False,nan,-4.860239093191922,0.0,0.0,69.59031282842625,-598428.0821142286,86.98448369593825,175.80216181781176,vessel_destroyed,15
0,639,39,False,False,nan,-4.850385310128331,0.0,0.0,83.20097071770579,-598410.6569974958,90.16160107159521,177.3604396797679,vessel_destroyed,16
0,656,40,False,False,nan,-4.83990752696991,0.0,0.0,86.88883627741598,-598395.3410478479,87.06457558728289,179.08914165266825,vessel_destroyed,17
0,668,41,False,False,nan,-4.890476698055863,1410.333251953125,0.1958796183268229,72.07124459615443,-598506.0369766514,87.6860994414892,175.8964087650857,vessel_destroyed,12
0,683,42,False,False,nan,-4.860499244183302,0.0,0.0,81.96175487083383,-598539.2633349159,90.89496370020788,175.048857045842,vessel_destroyed,15
0,702,43,False,False,nan,-4.82043844461441,0.0,0.0,82.90157562610693,-598207.6868159159,85.90029649424832,187.73736289780334,vessel_destroyed,19
0,716,44,False,False,nan,-4.869862308725715,0.0,0.0,88.86886278784368,-598574.4344485215,87.39240193995647,174.96697803940563,vessel_destroyed,14
0,730,45,False,False,nan,-4.870602541603148,1410.6729736328125,0.1959268018934462,77.7313653700985,-598408.0925409626,87.25668855197728,179.07278237112382,vessel_destroyed,14
0,755,46,False,False,nan,-4.760331853292882,0.0,0.0,83.62021185283083,-598542.2299217246,86.4323155907914,175.93823604237755,vessel_destroyed,25
0,771,47,False,False,nan,-4.850501039996743,0.0,0.0,70.69543679524213,-598366.8193081577,86.69193819339853,178.76219273039615,vessel_destroyed,16
0,785,48,False,False,nan,-4.870319856330752,1410.42138671875,0.19589185926649305,72.2423225477105,-598373.7765707448,90.67679947789293,178.4330300013855,vessel_destroyed,14
0,799,49,False,False,nan,-4.870509844273329,1405.5401611328125,0.19521391126844617,74.00458383746445,-598406.0067649494,89.59772988338955,179.11950481489606,vessel_destroyed,14
0,819,50,False,False,nan,-4.810642736963928,0.0,0.0,85.70493093249388,-598392.9141499264,92.19442323874682,178.2969918455569,vessel_destroyed,20
0,837,51,False,False,nan,-4.830265742726624,0.0,0.0,83.94346762797795,-598547.8438335925,90.1268046721816,175.04195402312487,vessel_destroyed,18
0,853,52,False,False,nan,-4.849949038587511,0.0,0.0,86.67967907176353,-598356.528784908,85.81933507882059,179.8758660192672,vessel_destroyed,16
0,874,53,False,False,nan,-4.800477764569223,1395.905029296875,0.19387569851345487,84.21798486821353,-598507.041969717,86.17578265734483,175.14463676920673,vessel_destroyed,21
0,895,54,False,False,nan,-4.8004611898213625,0.0,0.0,95.71710691798944,-598450.3350316836,88.00605210033245,175.66603028164835,vessel_destroyed,21
0,909,55,False,False,nan,-4.870458897203207,0.0,0.0,70.70709594001528,-598458.7112068423,85.93013433809392,176.26863902444734,vessel_destroyed,14
0,925,56,False,False,nan,-4.850190619006753,1407.17626953125,0.19544114854600694,70.98058062139899,-598416.3325378873,92.51857712003402,176.92396958129763,vessel_destroyed,16
0,944,57,False,False,nan,-4.82020946778357,0.0,0.0,84.8266886024503,-598452.7150026917,86.74978505109902,175.23233218103394,vessel_destroyed,19
0,963,58,False,False,nan,-4.820772707462311,0.0,0.0,71.77622486301698,-598341.004490809,87.2456843337277,180.18205473465488,vessel_destroyed,19
0,986,59,False,False,nan,-4.780547650530934,0.0,0.0,89.05881296331063,-598359.8108436052,87.96829805942252,184.58614895968125,vessel_destroyed,23
0,1001,60,False,False,nan,-4.8604874312877655,1408.7945556640625,0.19566591050889756,72.34719729749486,-598365.6896511742,85.80249280843418,178.96375922829873,vessel_destroyed,15
0,1017,61,False,False,nan,-4.850302799604833,0.0,0.0,82.84067409834825,-598352.6894381526,86.81388556759339,179.84146793397218,vessel_destroyed,16
0,1034,62,False,False,nan,-4.840608103200793,0.0,0.0,93.99060466722585,-598472.8628980836,86.8859655855922,175.80851700708902,vessel_destroyed,17
0,1049,63,False,False,nan,-4.860217428766191,0.0,0.0,86.35732024919707,-598546.3076913483,86.65511201438494,174.90749651834057,vessel_destroyed,15
0,1064,64,False,False,nan,-4.860485835000873,0.0,0.0,69.42815200588666,-598445.6059724517,88.48661442950834,176.7677217869643,vessel_destroyed,15
0,1087,65,False,False,nan,-4.781072094105184,0.0,0.0,77.57764493708964,-598119.3147747143,101.44747496256605,192.17648163138918,vessel_destroyed,23
0,1107,66,False,False,nan,-4.8095209104940295,0.0,0.0,92.77004104631487,-598699.0213012287,91.38504105294123,175.77830433173762,vessel_destroyed,20
0,1137,67,False,False,nan,-4.709116073325276,0.0,0.0,93.54344271612354,-598513.1384928235,90.33326678967569,175.77474591825776,vessel_destroyed,30
0,1153,68,False,False,nan,-4.850441774353385,0.0,0.0,73.41433901351411,-598506.6583416993,86.6534542280715,175.06377194251556,vessel_destroyed,16
0,1168,69,False,False,nan,-4.860064526088536,0.0,0.0,72.56098305433989,-598271.477164716,90.5038246178301,183.87869839388787,vessel_destroyed,15
0,1193,70,False,False,nan,-4.760255174711347,0.0,0.0,69.16133050457574,-598479.580127564,86.76012865896337,176.78403063302545,vessel_destroyed,25
0,1205,71,False,False,nan,-4.890520619228482,0.0,0.0,68.69158966164105,-598411.9423797928,87.56562098872382,176.26213326778114,vessel_destroyed,12
0,1217,72,False,False,nan,-4.8896519029513,1404.7613525390625,0.19510574340820314,71.39528671151493,-598395.2670764985,94.42933836719021,177.18312384078584,vessel_destroyed,12
0,1229,73,False,False,nan,-4.890384101308882,0.0,0.0,81.94411520950962,-598555.819354679,86.29547773837112,175.04178619394048,vessel_destroyed,12
0,1239,74,False,False,nan,-4.910265639424324,0.0,0.0,69.02391949226148,-598494.0055802634,87.38109776598867,176.17435183924795,vessel_destroyed,10
0,1253,75,False,False,nan,-4.870101176202297,0.0,0.0,84.63783198967576,-598358.9735734944,89.2304447699571,179.55902588944045,vessel_destroyed,14
0,1267,76,False,False,nan,-4.870514281094074,0.0,0.0,69.73506975953933,-598406.192565955,85.68333759868983,176.61546045133514,vessel_destroyed,14
0,1313,77,False,False,nan,-4.550606154836714,0.0,0.0,81.29034712840803,-598450.862626846,87.80266771907918,176.37147416193582,vessel_destroyed,46
0,1332,78,False,False,nan,-4.820498720742762,1401.794677734375,0.19469370524088542,69.82158551167231,-598416.1479717629,86.16309684608132,176.0364812479301,vessel_destroyed,19
0,1349,79,False,False,nan,-4.840376874431968,0.0,0.0,83.1179115343839,-598606.4237201763,90.72275300568435,176.39847760894418,vessel_destroyed,17
0,1362,80,False,False,nan,-4.880179652012885,0.0,0.0,99.23189333290793,-598438.6484547384,93.58039275114425,176.40544056842268,vessel_destroyed,13
0,1378,81,False,False,nan,-4.850375922396779,1402.36279296875,0.1947726101345486,71.09292478044517,-598413.3564731879,89.51717322762124,176.23268943433996,vessel_destroyed,16
0,1395,82,False,False,nan,-4.84033793117851,1398.8306884765625,0.19428204006618924,80.6959237625124,-598415.8990393004,86.71757412608713,177.78166554988118,vessel_destroyed,17
0,1409,83,False,False,nan,-4.86943116504699,0.0,0.0,90.06627542362548,-598350.4155518037,91.02160458068829,180.4788714275492,vessel_destroyed,14
0,1423,84,False,False,nan,-4.8704148177057505,0.0,0.0,69.32432341086678,-598454.4863400444,86.08886512182653,175.72107919907998,vessel_destroyed,14
0,1440,85,False,False,nan,-4.840551991015673,0.0,0.0,81.6307544320589,-598434.3567590708,90.07218889228534,175.41379666966844,vessel_destroyed,17
0,1454,86,False,False,nan,-4.870396715588868,0.0,0.0,82.7371696154587,-598425.2499205245,86.60949437820818,175.95194696290474,vessel_destroyed,14
0,1469,87,False,False,nan,-4.860422026365995,0.0,0.0,82.59261199040338,-598391.2567151176,87.97039602964651,177.75777596362485,vessel_destroyed,15
0,1481,88,False,False,nan,-4.890548026189208,0.0,0.0,82.03067830088548,-598402.3780032418,86.53576499270275,177.10854051141067,vessel_destroyed,12
0,1492,89,False,False,nan,-4.900282907299697,0.0,0.0,73.4702598900767,-598415.705934157,86.38215675437823,176.0523413576905,vessel_destroyed,11
0,1507,90,False,False,nan,-4.8604713985696435,0.0,0.0,70.39741647674236,-598402.2957620054,92.29350084019825,177.8956234146814,vessel_destroyed,15
0,1523,91,False,False,nan,-4.8501256154850125,0.0,0.0,85.06362434849143,-598490.5706298505,89.71396773634478,175.01744732145326,vessel_destroyed,16
0,1539,92,False,False,nan,-4.849931377917528,1401.8770751953125,0.1947051493326823,93.46382110018749,-598680.7809882849,100.41970836184919,176.1818606709878,vessel_destroyed,16
0,1555,93,False,False,nan,-4.849817023612559,0.0,0.0,76.81215932278428,-598382.7500788008,94.46833889081609,178.02690361960464,vessel_destroyed,16
0,1572,94,False,False,nan,-4.840524565428495,0.0,0.0,82.24886359355878,-598442.8792554698,87.23449908092152,175.16466346110522,vessel_destroyed,17
0,1586,95,False,False,nan,-4.870560945942998,0.0,0.0,81.82268301863223,-598603.7125960198,86.32778677495662,175.10245642347178,vessel_destroyed,14
0,1601,96,False,False,nan,-4.860007622279227,0.0,0.0,73.60730314138345,-598470.3173631277,87.9115115585737,175.13144578568304,vessel_destroyed,15
0,1615,97,False,False,nan,-4.870599627494812,0.0,0.0,81.00335262808949,-598492.840768344,87.59977777441964,175.02946237855568,vessel_destroyed,14
0,1637,98,False,False,nan,-4.790559866465628,0.0,0.0,88.51822911959607,-598442.3577020994,87.46821266936604,176.33423706701896,vessel_destroyed,22
0,1650,99,False,False,nan,-4.880547934211791,0.0,0.0,91.80176645109896,-598370.243006364,88.2730077119777,179.70808596345,vessel_destroyed,13
0,1668,100,False,False,nan,-4.8302963357418776,0.0,0.0,83.31137406360358,-598478.9275972935,85.90194445545785,175.4549373597677,vessel_destroyed,18
0,1687,101,False,False,nan,-4.819160929881036,0.0,0.0,68.93924414052162,-598845.7397140474,95.65750881074928,175.07102918667118,vessel_destroyed,19
0,1698,102,False,False,nan,-4.9004327626898885,0.0,0.0,73.66969927784521,-598397.0726656213,88.37839502608404,179.51521352813552,vessel_destroyed,11
0,1716,103,False,False,nan,-4.830385921522975,1403.5654296875,0.19493964301215277,76.99895359599032,-598400.9000680975,87.47594809602015,179.06114979741494,vessel_destroyed,18
0,1740,104,False,False,nan,-4.769454782828689,0.0,0.0,73.63296841003466,-598631.7944936991,94.20037969062105,176.04742843345906,vessel_destroyed,24
0,1756,105,False,False,nan,-4.850111534819007,0.0,0.0,85.31873042916413,-598529.8055940975,85.86207618389744,175.2967921798686,vessel_destroyed,16
0,1770,106,False,False,nan,-4.870600744150579,0.0,0.0,85.37708122306503,-598457.4599863659,86.4349967208691,175.14052081203266,vessel_destroyed,14
0,1784,107,False,False,nan,-4.8706134632229805,0.0,0.0,113.50644090643618,-598487.7841565646,89.83951889071614,175.4298953653858,vessel_destroyed,14
0,1798,108,False,False,nan,-4.868957883678377,1408.3118896484375,0.19559887356228298,74.6732147661969,-598517.8538029845,94.45549471792765,175.04800630912814,vessel_destroyed,14
0,1811,109,False,False,nan,-4.880366165190935,0.0,0.0,84.29634936561342,-598526.2088478646,88.39364108617883,175.05421611945567,vessel_destroyed,13
0,1836,110,False,False,nan,-4.7600429793819785,0.0,0.0,96.71110535925254,-598071.4558293694,104.83276739926077,195.58449506258287,vessel_destroyed,25
0,1849,111,False,False,nan,-4.880583309568465,0.0,0.0,71.11304381105583,-598498.0290374911,86.8859337719623,175.8076161768368,vessel_destroyed,13
0,1865,112,False,False,nan,-4.8492404241114855,0.0,0.0,90.70170639513526,-598372.277295104,97.33438782405574,179.43570005277425,vessel_destroyed,16
0,1881,113,False,False,nan,-4.850630648434162,0.0,0.0,68.7447056156816,-598464.3649354267,88.38178719277494,176.16442003694203,vessel_destroyed,16
0,1893,114,False,False,nan,-4.890441561117768,0.0,0.0,82.44666563323699,-598481.2220807724,91.65332896448672,175.1963207141525,vessel_destroyed,12
0,1908,115,False,False,nan,-4.860141299664974,1407.306884765625,0.19545928955078126,72.03204599220771,-598500.3349810919,87.5876970612444,176.98467176103458,vessel_destroyed,15
0,1922,116,False,False,nan,-4.870478058233857,0.0,0.0,82.07740517158527,-598435.6328717719,85.65357257123105,175.33701543574966,vessel_destroyed,14
0,1942,117,False,False,nan,-4.810512570664287,0.0,0.0,93.49956584512256,-598378.0892655067,88.8335837732302,179.39238481690458,vessel_destroyed,20
0,1961,118,False,False,nan,-4.820835970342159,0.0,0.0,79.24665023945272,-598377.0463831333,87.82780142256524,178.66768539388016,vessel_destroyed,19
0,1977,119,False,False,nan,-4.849624049849808,0.0,0.0,68.78680988587439,-598255.9396403758,90.11044448858593,184.6930003633988,vessel_destroyed,16
0,1990,120,False,False,nan,-4.880558813922107,0.0,0.0,97.2922845215071,-598429.1984070931,86.76888341421727,176.8442474430551,vessel_destroyed,13
0,2002,121,False,False,nan,-4.889644520357251,0.0,0.0,69.80891037546098,-598323.977596992,91.02464433421846,181.06609078174534,vessel_destroyed,12
0,2022,122,False,False,nan,-4.809121764265001,0.0,0.0,114.51721027842723,-598120.1738728151,98.50345333071891,194.0344361394089,vessel_destroyed,20
0,2036,123,False,False,nan,-4.870456259697676,0.0,0.0,69.03724519652314,-598397.1237984415,92.67992306302767,177.09364761267776,vessel_destroyed,14
0,2057,124,False,False,nan,-4.80056806653738,0.0,0.0,70.06550962466281,-598424.7696255565,85.60811573825777,181.53366353635215,vessel_destroyed,21
0,2072,125,False,False,nan,-4.86053531896323,0.0,0.0,82.35231620946433,-598152.7814243309,92.43839678924996,190.65409696394138,vessel_destroyed,15
0,2088,126,False,False,nan,-4.850367309525609,1406.3209228515625,0.19532235039605034,76.44996862963308,-598388.9983344929,86.10154044267256,178.76994043303029,vessel_destroyed,16
0,2103,127,False,False,nan,-4.859493674710393,0.0,0.0,108.62072843266651,-598379.232664331,97.613999165711,180.24490867327512,vessel_destroyed,15
0,2115,128,False,False,nan,-4.889565508812666,0.0,0.0,89.82309853192419,-598390.1671537614,94.73667217150796,180.08977713667701,vessel_destroyed,12
0,2136,129,False,False,nan,-4.79950338602066,0.0,0.0,89.5461202764418,-598430.2468941193,92.32209252542816,176.00805598310163,vessel_destroyed,21
0,2150,130,False,False,nan,-4.870441530831158,1412.693115234375,0.19620737711588543,70.24310093617532,-598468.8965940243,86.86656627932098,176.5104598958973,vessel_destroyed,14
0,2167,131,False,False,nan,-4.83911794796586,0.0,0.0,93.12198521546088,-598377.5747620615,91.72503261559177,179.14718023834646,vessel_destroyed,17
0,2186,132,False,False,nan,-4.819893346168101,0.0,0.0,73.87126560520846,-598499.878434843,90.47456118708942,175.1879927891745,vessel_destroyed,19
0,2203,133,False,False,nan,-4.8405754985287786,0.0,0.0,80.15550056449138,-598523.3994810034,86.2474716930883,176.61613517018904,vessel_destroyed,17
0,2219,134,False,False,nan,-4.849677296355367,0.0,0.0,89.73663563397713,-598547.6272103827,89.59509445051663,175.02468255902883,vessel_destroyed,16
0,2233,135,False,False,nan,-4.869332448579371,0.0,0.0,93.9824540327536,-598395.6762952487,92.06404404877685,178.3651520071383,vessel_destroyed,14
0,2260,136,False,False,nan,-4.738923783414066,1358.5799560546875,0.18869166056315104,117.95940204523504,-597284.5416443088,114.51892484968994,232.49010125651046,vessel_destroyed,27
0,2279,137,False,False,nan,-4.819769072346389,1393.9793701171875,0.19360824584960937,71.06576097861398,-598451.8758546276,90.00189486250747,176.65556969717116,vessel_destroyed,19
0,2290,138,False,False,nan,-4.900607142597437,0.0,0.0,95.54195645684376,-598465.2237087226,86.49273979838472,175.20124936410585,vessel_destroyed,11
0,2304,139,False,False,nan,-4.87061854545027,0.0,0.0,70.17245024675503,-598514.188168834,87.26871903182473,176.9993448694823,vessel_destroyed,14
0,2317,140,False,False,nan,-4.880341865122318,1409.409912109375,0.19575137668185763,71.48283191444352,-598499.3954931597,89.16304958297405,176.6806714932857,vessel_destroyed,13
0,2333,141,False,False,nan,-4.850571131333709,0.0,0.0,95.73709607473575,-598388.3620588654,86.42112845159136,178.96735331712108,vessel_destroyed,16
0,2363,142,False,False,nan,-4.7103316485881805,0.0,0.0,83.82476675254293,-598475.9117737926,91.35900871781632,176.0549545832413,vessel_destroyed,30
0,2384,143,False,False,nan,-4.800543033517897,0.0,0.0,81.55191594781354,-598432.8858353808,89.29936038062442,175.4551889600482,vessel_destroyed,21
0,2399,144,False,False,nan,-4.859844135120511,0.0,0.0,69.70304247841705,-598327.3096062614,86.91971698810812,180.89357722870972,vessel_destroyed,15
0,2416,145,False,False,nan,-4.84042302519083,0.0,0.0,87.14622336090542,-598395.6357039999,86.85512609558646,179.84466835743115,vessel_destroyed,17
0,2432,146,False,False,nan,-4.850519948638976,0.0,0.0,82.05133144464344,-598477.1747758843,85.89500906644389,175.03012594422674,vessel_destroyed,16
0,2446,147,False,False,nan,-4.869323529303074,0.0,0.0,89.93143116729334,-598440.1838593613,97.83926128118765,175.93724997439637,vessel_destroyed,14
0,2462,148,False,False,nan,-4.850583809427917,1410.1136474609375,0.195849117702908,80.62298589502461,-598422.6203593424,86.43984558188822,178.73108326775449,vessel_destroyed,16
0,2477,149,False,False,nan,-4.86031636968255,0.0,0.0,83.5122968571959,-598504.0354782656,86.40460266615264,175.05689946377316,vessel_destroyed,15
0,2494,150,False,False,nan,-4.840727176517248,0.0,0.0,68.69702906068414,-598430.0509743505,89.89048356981948,186.2639581208244,vessel_destroyed,17
0,2506,151,False,False,nan,-4.890565543435514,0.0,0.0,74.76488763419911,-598394.160648707,89.41430379392114,180.64929878491904,vessel_destroyed,12
0,2520,152,False,False,nan,-4.870605138130486,1408.6810302734375,0.19565014309353299,73.01553627569228,-598278.2006869152,86.94711733993609,183.5253951021466,vessel_destroyed,14
0,2534,153,False,False,nan,-4.870673133991659,0.0,0.0,80.64648117229808,-598444.4322529754,86.23530358984135,175.04001720605987,vessel_destroyed,14
0,2550,154,False,False,nan,-4.850448413752019,1418.9378662109375,0.197074703640408,70.07522402715404,-598393.9055905908,85.93806202872656,177.26543725099233,vessel_destroyed,16
0,2564,155,False,False,nan,-4.870599206537008,0.0,0.0,96.03109023009893,-598419.268181953,86.91507104516495,177.31688694838525,vessel_destroyed,14
0,2583,156,False,False,nan,-4.820557929575443,1400.3997802734375,0.19449996948242188,73.53418314666487,-598423.1154963076,88.70930761122145,178.7382556704176,vessel_destroyed,19
0,2601,157,False,False,nan,-4.830588489770889,0.0,0.0,81.03523562906776,-598478.1444776997,85.98190616129432,174.8735912656844,vessel_destroyed,18
0,2620,158,False,False,nan,-4.820077005773783,1402.99169921875,0.19485995822482638,76.24291041283868,-598394.4957273215,87.51299446146004,177.45167421799664,vessel_destroyed,19
0,2633,159,False,False,nan,-4.880013773217797,0.0,0.0,73.40522795799188,-598435.3770231022,86.27040041401051,174.99043940659473,vessel_destroyed,13
0,2652,160,False,False,nan,-4.820394611917436,0.0,0.0,69.82965625438374,-598447.5950946582,86.19874845142476,175.68571847954703,vessel_destroyed,19
0,2670,161,False,False,nan,-4.829546071588993,0.0,0.0,68.66230916557834,-598404.2854865316,89.99473235628102,176.6857333603642,vessel_destroyed,18
0,2690,162,False,False,nan,-4.810500765219331,0.0,0.0,76.7698286829982,-598389.2465192691,86.09181508654729,179.19272696908573,vessel_destroyed,20
0,2711,163,False,False,nan,-4.8006017822772264,0.0,0.0,70.09637324057985,-598427.3960988526,87.98729761561844,176.84611559005225,vessel_destroyed,21
0,2731,164,False,False,nan,-4.8094396982342005,0.0,0.0,93.77150450833142,-598137.077444967,89.90699469298124,191.81546516224293,vessel_destroyed,20
0,2754,165,False,False,nan,-4.777740221470594,0.0,0.0,104.82112329034135,-597336.9352735954,103.0373865737347,229.39173711740236,vessel_destroyed,23
0,2768,166,False,False,nan,-4.87064949888736,0.0,0.0,80.74065676389728,-598454.8051231413,87.78907891234849,175.15740475801917,vessel_destroyed,14
0,2789,167,False,False,nan,-4.800493184477091,0.0,0.0,82.72676084644627,-598371.936992643,89.20358123828191,179.01525355390368,vessel_destroyed,21
0,2804,168,False,False,nan,-4.859252109192312,1402.12255859375,0.19473924424913194,109.31870972120669,-598198.7572969015,98.48081269860268,189.67706599086807,vessel_destroyed,15
0,2818,169,False,False,nan,-4.8703045872971416,1408.8837890625,0.19567830403645833,71.25254383031279,-598461.723233764,86.38734804838896,175.5284750876752,vessel_destroyed,14
0,2840,170,False,False,nan,-4.790249775163829,0.0,0.0,84.69922613259405,-598429.3668779397,86.53595119609963,179.5877086845151,vessel_destroyed,22
0,2862,171,False,False,nan,-4.789423037320375,0.0,0.0,92.04274014942348,-598166.7601439111,90.7494157514302,190.20276234802043,vessel_destroyed,22
0,2873,172,False,False,nan,-4.900053393095732,0.0,0.0,69.78050644393079,-598403.6683569062,88.33975455176551,176.723551177009,vessel_destroyed,11
0,2889,173,False,False,nan,-4.85055145341903,0.0,0.0,69.60142188274767,-598412.508283361,89.38761012849864,176.26254077065389,vessel_destroyed,16
0,2904,174,False,False,nan,-4.860372335650027,1402.9039306640625,0.19484776814778645,70.84969088307116,-598378.8288991025,90.6554320405703,178.15837793140557,vessel_destroyed,15
0,2919,175,False,False,nan,-4.860433574765921,0.0,0.0,68.94764181808569,-598420.5801519114,88.0263860092964,175.7972625466215,vessel_destroyed,15
0,2932,176,False,False,nan,-4.880425440147519,0.0,0.0,83.60166912467685,-598309.129904637,85.97403966262937,182.41803368962846,vessel_destroyed,13
0,2946,177,False,False,nan,-4.870604073628783,0.0,0.0,88.00739806331694,-598425.576620884,86.47095632355195,176.9539040976172,vessel_destroyed,14
0,2966,178,False,False,nan,-4.810581233352423,1388.722412109375,0.19287811279296874,74.91774567076936,-598541.6809458286,86.87155450123828,176.525513518764,vessel_destroyed,20
0,2987,179,False,False,nan,-4.800197090022266,0.0,0.0,85.39681984647177,-598295.198134992,89.53805379255209,183.1792906437755,vessel_destroyed,21
0,2999,180,False,False,nan,-4.890571888536215,0.0,0.0,68.80490630061831,-598450.0036864228,89.49013661127537,176.78330862760347,vessel_destroyed,12
0,3018,181,False,False,nan,-4.820479702204466,1402.5057373046875,0.19479246351453994,75.23757841985207,-598421.457402032,85.6519331834279,179.89086591563986,vessel_destroyed,19
0,3036,182,False,False,nan,-4.83062132820487,0.0,0.0,69.5483488907339,-598178.8530581411,85.54626491328236,188.741878289052,vessel_destroyed,18
0,3048,183,False,False,nan,-4.890353187918663,1408.692626953125,0.1956517537434896,71.33098036097363,-598389.4244517519,87.81945563736372,181.41023957509225,vessel_destroyed,12
0,3066,184,False,False,nan,-4.82924304716289,0.0,0.0,91.8946406369796,-598047.8193275676,92.69619797542691,196.2371672712008,vessel_destroyed,18
0,3081,185,False,False,nan,-4.860121057368815,0.0,0.0,85.08786751225125,-598388.8386863207,88.12223019695375,179.67697581964887,vessel_destroyed,15
0,3103,186,False,False,nan,-4.7891914788633585,0.0,0.0,69.23744176211767,-598239.5674223049,89.43288045935333,185.55885523124442,vessel_destroyed,22
0,3121,187,False,False,nan,-4.829945858567953,0.0,0.0,89.1755164078204,-598317.0790655477,87.41930813563522,182.18536054180666,vessel_destroyed,18
0,3137,188,False,False,nan,-4.8491763565689325,0.0,0.0,92.80445425910875,-597885.3721880737,93.75292073085438,204.32510671697227,vessel_destroyed,16
0,3158,189,False,False,nan,-4.800479816272855,0.0,0.0,70.03529127279762,-598426.4219559428,86.39318014704622,175.48112863087894,vessel_destroyed,21
0,3173,190,False,False,nan,-4.860919856466353,0.0,0.0,77.7775981243467,-597892.4229241979,90.74319170753006,203.2447207348533,vessel_destroyed,15
0,3197,191,False,False,nan,-4.769880444742739,1376.445068359375,0.1911729261610243,70.83177303499542,-598472.3943984067,89.22576203243807,176.63315023084095,vessel_destroyed,24
0,3210,192,False,False,nan,-4.879956700839102,0.0,0.0,87.43252087011933,-598440.6455147365,87.62508248654194,179.81519261749477,vessel_destroyed,13
0,3222,193,False,False,nan,-4.8883414110168815,1392.3997802734375,0.19338885837131076,101.73097433149815,-597809.1759545355,98.46830300462898,208.04841704320876,vessel_destroyed,12
0,3240,194,False,False,nan,-4.819084883667529,0.0,0.0,179.3099912229227,-597268.9585848914,136.24828545830678,235.32642695429098,vessel_destroyed,18
0,3256,195,False,False,nan,-4.843655745498836,0.0,0.0,145.79424737859517,-597060.5324677606,118.25030947790947,242.49816441477523,vessel_destroyed,16
0,3272,196,False,False,nan,-4.842086052522063,0.0,0.0,152.35055407625623,-597140.9349885932,119.07031511771493,239.5042086871408,vessel_destroyed,16
0,3286,197,False,False,nan,-4.86981662735343,0.0,0.0,74.50704466062598,-598375.5738125023,89.53926396346651,179.81129353065342,vessel_destroyed,14
0,3305,198,False,False,nan,-4.819971243850887,0.0,0.0,86.34517636836972,-598528.3692185847,89.65521766874008,175.00327370091702,vessel_destroyed,19
0,3319,199,False,False,nan,-4.8702412489801645,0.0,0.0,84.7995134376688,-598636.8668808682,87.0197097674245,175.13863888070853,vessel_destroyed,14
0,3333,200,False,False,nan,-4.870724828913808,0.0,0.0,95.58288989029825,-598396.2237057971,91.65979805553798,178.55844885422536,vessel_destroyed,14
0,3350,201,False,False,nan,-4.840311199426651,0.0,0.0,83.53479158738628,-598424.8419909274,86.18528516008519,176.06158602788665,vessel_destroyed,17
0,3364,202,False,False,nan,-4.870384429581463,0.0,0.0,84.21048840752337,-598497.710697483,85.75865800201427,174.98167316712946,vessel_destroyed,14
0,3380,203,False,False,nan,-4.849818706512451,0.0,0.0,72.33367535693105,-598561.7496595281,88.63198063068558,175.3608231263642,vessel_destroyed,16
0,3394,204,False,False,nan,-4.870236173272133,0.0,0.0,84.20840465987567,-598370.8006108915,87.15617413341533,178.88795861481208,vessel_destroyed,14
0,3409,205,False,False,nan,-4.8605942372232676,0.0,0.0,70.7689951263601,-598419.799056949,86.45895634230692,176.442851548425,vessel_destroyed,15
0,3426,206,False,False,nan,-4.840569871477783,1415.055419921875,0.1965354749891493,94.31644471059553,-598443.2295731333,85.70553267607465,175.7081927400128,vessel_destroyed,17
0,3444,207,False,False,nan,-4.83068048581481,0.0,0.0,79.48991125891916,-598528.5254001006,85.5469804641325,174.9565683080838,vessel_destroyed,18
0,3459,208,False,False,nan,-4.8605120135471225,1408.2269287109375,0.19558707343207465,77.79569198004901,-598409.4515408766,91.72931010974571,178.74794264640076,vessel_destroyed,15
0,3478,209,False,False,nan,-4.820526095107198,0.0,0.0,81.74873600236606,-598499.7373864705,85.67737648217008,174.9879380598133,vessel_destroyed,19
0,3495,210,False,False,nan,-4.8403772339224815,0.0,0.0,82.90495216846466,-598119.5237076979,89.556790323928,192.47947383175514,vessel_destroyed,17
0,3521,211,False,False,nan,-4.750377448275685,0.0,0.0,82.95818174199667,-598523.1715495045,88.83004607958719,175.7577682427158,vessel_destroyed,26
0,3541,212,False,False,nan,-4.810383116826415,1415.35302734375,0.1965768093532986,91.05116128805093,-598450.0102639922,85.53181798325386,176.41362694643502,vessel_destroyed,20
0,3558,213,False,False,nan,-4.8406488029286265,0.0,0.0,70.22138286393601,-598490.5199407919,89.26778606732842,176.45652165107754,vessel_destroyed,17
0,3573,214,False,False,nan,-4.860569166019559,0.0,0.0,81.30827865330502,-598433.5349373289,86.26290601328947,175.44573285408546,vessel_destroyed,15
0,3590,215,False,False,nan,-4.8406144911423326,0.0,0.0,70.88500766584184,-598455.7817051504,85.95372253912501,176.70821855620216,vessel_destroyed,17
0,3604,216,False,False,nan,-4.870512065477669,0.0,0.0,73.69019834836945,-598488.2945686191,85.90074431255925,174.91156850995762,vessel_destroyed,14
0,3616,217,False,False,nan,-4.890459290705621,1425.718505859375,0.19801645914713542,84.95625205757096,-598454.5224796364,87.12753153475933,177.432577891359,vessel_destroyed,12
0,3632,218,False,False,nan,-4.850444464944303,1427.1453857421875,0.19821463690863717,85.77836351690348,-598432.0000479007,86.17734175955411,176.027092391455,vessel_destroyed,16
0,3645,219,False,False,nan,-4.8805971667170525,0.0,0.0,80.90159485302866,-598501.3508432691,85.998503747629,174.86887387685087,vessel_destroyed,13
0,3663,220,False,False,nan,-4.830560942180455,0.0,0.0,81.35859393689316,-598449.0782080496,86.37446631165221,175.06016261415382,vessel_destroyed,18
0,3677,221,False,False,nan,-4.870187994092703,0.0,0.0,85.83314781810623,-598484.9116680274,85.99524340138305,175.00070800157485,vessel_destroyed,14
0,3692,222,False,False,nan,-4.86047668941319,1430.1888427734375,0.19863733927408855,74.24276793072931,-598433.2237983268,87.24427191761788,179.85235489706577,vessel_destroyed,15
0,3707,223,False,False,nan,-4.860578667372465,0.0,0.0,69.80067770916503,-598481.4177675103,85.96743537555449,177.07064942408488,vessel_destroyed,15
0,3726,224,False,False,nan,-4.820068170316517,0.0,0.0,85.31916346086655,-598393.1873255973,86.0608164712321,178.1742063702182,vessel_destroyed,19
0,3737,225,False,False,nan,-4.900579760782421,1425.621826171875,0.1980030314127604,76.13646363129374,-598441.5663160641,86.82388682675082,176.36973480911365,vessel_destroyed,11
0,3747,226,False,False,nan,-4.910595039837062,0.0,0.0,82.50181684247218,-598414.7913480799,86.37504323769826,179.40570481015396,vessel_destroyed,10
0,3760,227,False,False,nan,-4.88050936255604,1428.6204833984375,0.19841951158311633,74.02335640217643,-598438.0800643595,86.25221124198288,179.62281260070083,vessel_destroyed,13
0,3777,228,False,False,nan,-4.840414231643081,0.0,0.0,69.2605176793877,-598465.1167063263,86.10693765198812,177.1274238236685,vessel_destroyed,17
0,3792,229,False,False,nan,-4.860589653253555,0.0,0.0,79.97697527532,-598569.6761429842,86.16027116414625,174.99515624696386,vessel_destroyed,15
0,3809,230,False,False,nan,-4.840554122813046,0.0,0.0,94.65648703370243,-598420.7822268312,86.28143955534324,177.14346788686748,vessel_destroyed,17
0,3827,231,False,False,nan,-4.830645486712456,0.0,0.0,69.30099097720813,-598417.4645235081,85.70289064524695,176.4907252681877,vessel_destroyed,18
0,3843,232,False,False,nan,-4.850806993432343,0.0,0.0,79.52516175084747,-598566.0246131202,86.01715525740292,174.85577893285287,vessel_destroyed,16
0,3853,233,False,False,nan,-4.910564887337387,1428.8101806640625,0.19844585842556423,76.54576571239159,-598444.3820703343,87.96231822227128,176.8789073386233,vessel_destroyed,10
0,3868,234,False,False,nan,-4.860488954000175,0.0,0.0,69.36308791232295,-598446.8718078675,86.42743760033045,175.99297997570665,vessel_destroyed,15
0,3886,235,False,False,nan,-4.830841911956668,0.0,0.0,74.83876875182614,-598413.6510084693,86.0691339498153,179.27335821989078,vessel_destroyed,18
0,3897,236,False,False,nan,-4.90069754421711,0.0,0.0,87.36922585859429,-598393.2212347101,86.51560636085924,178.2142777338888,vessel_destroyed,11
0,3910,237,False,False,nan,-4.880502781830728,0.0,0.0,69.19630353420507,-598476.9814956588,85.82230826246087,176.23264159620405,vessel_destroyed,13
0,3921,238,False,False,nan,-4.900450359098613,1427.8359375,0.198310546875,73.58301071671303,-598426.1431341603,88.30621160264127,178.83981504979556,vessel_destroyed,11
0,3932,239,False,False,nan,-4.900607628747821,0.0,0.0,68.97493758553173,-598417.0121873901,89.22383467876352,176.27145951599329,vessel_destroyed,11
0,3949,240,False,False,nan,-4.840777036733925,0.0,0.0,73.833809356438,-598565.129255157,85.79118691268377,174.97556362961484,vessel_destroyed,17
0,3961,241,False,False,nan,-4.890565619803965,0.0,0.0,81.04357731214259,-598517.1435554363,88.9335876313271,175.13974910978038,vessel_destroyed,12
0,3972,242,False,False,nan,-4.900584062561393,0.0,0.0,70.17682359274477,-598461.0096627444,87.0824589090189,176.34971118246787,vessel_destroyed,11
0,3988,243,False,False,nan,-4.850669346749783,0.0,0.0,91.46029420150444,-598457.1340946367,85.84641546045896,176.40487211424556,vessel_destroyed,16
0,4003,244,False,False,nan,-4.860339613631368,1410.1014404296875,0.19584742228190105,71.45434131054208,-598366.1519536115,86.0498693829868,178.77775499800427,vessel_destroyed,15
0,4014,245,False,False,nan,-4.900495822541416,0.0,0.0,68.91637831670232,-598471.0147918694,87.98535466066096,176.4920804093272,vessel_destroyed,11
0,4030,246,False,False,nan,-4.850509820505977,1419.09521484375,0.1970965576171875,80.72717444039881,-598520.308774124,86.04491856344976,176.68406215916525,vessel_destroyed,16
0,4046,247,False,False,nan,-4.850469822995365,0.0,0.0,69.74725733289961,-598445.8825905122,85.96985636407044,177.07291072752093,vessel_destroyed,16
0,4064,248,False,False,nan,-4.830930119380355,0.0,0.0,94.78358765761368,-598384.0819569274,89.69622578425333,179.39549349558797,vessel_destroyed,18
0,4077,249,False,False,nan,-4.880563429556787,0.0,0.0,69.59413745789789,-598359.8522898547,87.63580920454115,179.70044098222306,vessel_destroyed,13
0,4091,250,False,False,nan,-4.870467510074377,0.0,0.0,70.64980027033016,-598348.4666831837,90.05112149228808,180.47758445167432,vessel_destroyed,14
0,4105,251,False,False,nan,-4.870365586131811,0.0,0.0,83.29337826988194,-598646.8379092524,89.14166236750316,175.25891669536418,vessel_destroyed,14
0,4120,252,False,False,nan,-4.8606615057215095,0.0,0.0,80.90165775106288,-598643.6768207016,86.01660386868753,175.00860495395435,vessel_destroyed,15
0,4134,253,False,False,nan,-4.870512598194182,0.0,0.0,89.42240724840667,-598423.3646158634,90.01653963350691,178.41527380898177,vessel_destroyed,14
0,4149,254,False,False,nan,-4.860320594161749,0.0,0.0,91.53295321832411,-598411.1886436825,89.98627788503654,177.48182613380058,vessel_destroyed,15
0,4163,255,False,False,nan,-4.870494277216494,1428.8065185546875,0.19844534979926215,84.78732116927858,-598437.2066956783,88.53431797854137,180.059189617992,vessel_destroyed,14
0,4178,256,False,False,nan,-4.860570667311549,0.0,0.0,84.73754893208388,-598425.1885298807,85.90227109973785,179.13685409047136,vessel_destroyed,15
0,4193,257,False,False,nan,-4.860340499319136,0.0,0.0,84.01746236742474,-598420.5030034798,85.85347919980995,176.2791229381374,vessel_destroyed,15
0,4209,258,False,False,nan,-4.849158334545791,0.0,0.0,94.28813395590987,-598739.9444457564,89.62318549316842,175.17747149534551,vessel_destroyed,16
0,4223,259,False,False,nan,-4.870613042265177,0.0,0.0,70.02369151660241,-598434.8518348696,86.70272034336813,176.44656122002309,vessel_destroyed,14
0,4237,260,False,False,nan,-4.870641146786511,0.0,0.0,69.21908261580393,-598423.9123413229,86.45883080456406,175.769618508329,vessel_destroyed,14
0,4255,261,False,False,nan,-4.8302539605647326,0.0,0.0,83.98934954567812,-598555.1165520035,87.5822230745107,175.01357598107973,vessel_destroyed,18
0,4269,262,False,False,nan,-4.8704543597996235,1427.247314453125,0.19822879367404514,76.25154990388546,-598434.9501703937,86.05796256987378,178.71389290797936,vessel_destroyed,14
0,4287,263,False,False,nan,-4.830601233057678,1419.2901611328125,0.19712363349066842,74.42721351794899,-598433.2823466554,86.15434719680343,178.48997632754848,vessel_destroyed,18
0,4301,264,False,False,nan,-4.870556944049895,0.0,0.0,92.16845235228539,-598416.5010798193,87.87128743110225,180.5898613413933,vessel_destroyed,14
0,4313,265,False,False,nan,-4.890616840682924,1430.301513671875,0.19865298800998263,73.10337290470488,-598403.3930123145,87.6762184278341,179.4836845069958,vessel_destroyed,12
0,4329,266,False,False,nan,-4.850571210496128,0.0,0.0,91.44541998999193,-598424.4564782674,87.08283249812666,179.68046413586683,vessel_destroyed,16
0,4343,267,False,False,nan,-4.870362565852702,0.0,0.0,83.37599583342671,-598468.4806106858,88.02309537434485,175.3592554469105,vessel_destroyed,14
0,4360,268,False,False,nan,-4.8404173431918025,0.0,0.0,69.5903362747049,-598480.1984880992,86.37188188161235,175.7624132984398,vessel_destroyed,17
0,4379,269,False,False,nan,-4.820575466379523,1421.1400146484375,0.19738055759006076,98.03141578880604,-598475.1188049379,87.4421763366554,176.48569663695483,vessel_destroyed,19
0,4390,270,False,False,nan,-4.900607755407691,0.0,0.0,86.74971626861952,-598426.2643740518,86.13980493298732,176.75873710539298,vessel_destroyed,11
0,4415,271,False,False,nan,-4.760598503053188,1413.8946533203125,0.19637425740559897,79.3744420374278,-598419.3968120918,86.52499121730216,180.24696704570246,vessel_destroyed,25
0,4426,272,False,False,nan,-4.9006784884259105,0.0,0.0,100.41147664235905,-598469.9637923941,86.69052956125233,176.85774012111466,vessel_destroyed,11
0,4442,273,False,False,nan,-4.850504064001143,1428.124267578125,0.19835059271918404,73.69639225793071,-598427.3588065411,86.06294150836766,177.6713001425267,vessel_destroyed,16
0,4455,274,False,False,nan,-4.880669466219842,0.0,0.0,75.72004829021171,-598413.9719004624,86.40527235507034,179.732664876422,vessel_destroyed,13
0,4475,275,False,False,nan,-4.810584302991629,1423.5980224609375,0.1977219475640191,73.19892199453898,-598416.1204358423,86.36445545370225,179.27095395830455,vessel_destroyed,20
0,4495,276,False,False,nan,-4.810314420610666,0.0,0.0,83.63793935580179,-598605.0562014133,86.18588015972637,175.10611923399398,vessel_destroyed,20
0,4520,277,False,False,nan,-4.760611040517688,1403.5255126953125,0.19493409898546007,91.43453497777227,-598416.6071248548,86.26833965966944,177.10497687262642,vessel_destroyed,25
0,4548,278,False,False,nan,-4.730640423484147,0.0,0.0,81.04101140494458,-598481.8242287841,86.51422668958548,175.28520604395908,vessel_destroyed,28
0,4564,279,False,False,nan,-4.850747643969953,1426.134033203125,0.1980741712782118,78.85827222198714,-598421.1856510629,87.28661210893188,179.78640249872186,vessel_destroyed,16
0,4578,280,False,False,nan,-4.870496633462608,0.0,0.0,82.10312786675058,-598427.2418124911,86.23108266317286,175.76634618923643,vessel_destroyed,14
0,4594,281,False,False,nan,-4.850371246226132,0.0,0.0,69.52931991021615,-598386.8297808006,88.34103050117847,177.69013114933998,vessel_destroyed,16
0,4608,282,False,False,nan,-4.870017294771969,0.0,0.0,72.94148887414485,-598430.6301745027,89.67337162257172,175.75463597353652,vessel_destroyed,14
0,4621,283,False,False,nan,-4.880520084872842,1424.6910400390625,0.1978737555609809,88.77588696440216,-598379.9650766986,86.2721444403287,178.9750226123779,vessel_destroyed,13
0,4636,284,False,False,nan,-4.8604860147461295,0.0,0.0,68.77428754465654,-598456.6721593405,86.04346782970242,176.99268316497506,vessel_destroyed,15
0,4653,285,False,False,nan,-4.840618321672082,1414.927978515625,0.1965177747938368,78.36236421926878,-598404.2679193335,86.13288028247189,178.2521644319936,vessel_destroyed,17
0,4669,286,False,False,nan,-4.850325935520232,4242.35009765625,0.5892152913411458,84.56261511857156,-598421.5376150612,89.76509468536824,176.4927841654655,vessel_destroyed,16
0,4685,287,False,False,nan,-4.850466112606227,0.0,0.0,69.93036124645732,-598477.8766619324,86.36746616999153,177.3362779204304,vessel_destroyed,16
0,4698,288,False,False,nan,-4.880355240777135,0.0,0.0,70.05943118582945,-598416.653166575,89.49271779682022,176.0316523842572,vessel_destroyed,13
0,4709,289,False,False,nan,-4.900433011353016,1426.38671875,0.19810926649305555,84.77192034106702,-598433.6245001955,89.87985347339418,180.39608545197163,vessel_destroyed,11
0,4723,290,False,False,nan,-4.8704821998253465,1418.22509765625,0.1969757080078125,70.49376780202147,-598509.8278198167,86.21630646125413,176.64985522967277,vessel_destroyed,14
0,4734,291,False,False,nan,-4.900601290166378,0.0,0.0,92.0160858235322,-598434.9180513436,91.40441395610105,176.98913699838846,vessel_destroyed,11
0,4747,292,False,False,nan,-4.880576595664024,0.0,0.0,86.7077353921486,-598397.32183673,89.60014470806345,179.31889188949668,vessel_destroyed,13
0,4767,293,False,False,nan,-4.8104931795969605,0.0,0.0,76.45884079881944,-598411.2555529838,86.22285067546181,179.40985957135405,vessel_destroyed,20
0,4779,294,False,False,nan,-4.890408082865179,1425.437744140625,0.19797746446397568,74.50894417392556,-598425.8870048063,89.73627037531696,181.15507589646057,vessel_destroyed,12
0,4796,295,False,False,nan,-4.840557456947863,0.0,0.0,81.50717921322212,-598415.5329995723,86.42295524512883,180.25129331994947,vessel_destroyed,17
0,4811,296,False,False,nan,-4.86042405385524,0.0,0.0,76.2341103478102,-598429.0794074312,89.54399444209412,178.97075288772606,vessel_destroyed,15
0,4824,297,False,False,nan,-4.880557533353567,0.0,0.0,69.9877015023958,-598376.0448207137,92.6810155765852,179.69744560017187,vessel_destroyed,13
0,4836,298,False,False,nan,-4.890152668580413,1424.8275146484375,0.19789271036783854,76.46879839501344,-598405.818728057,90.74497344449628,177.63536304332743,vessel_destroyed,12
0,4848,299,False,False,nan,-4.890057951211929,1419.13720703125,0.1971023898654514,80.56112766487058,-598430.8929906234,91.63715589558706,176.627133877733,vessel_destroyed,12
0,4859,300,False,False,nan,-4.900319124571979,0.0,0.0,70.32443799264729,-598442.0183814361,86.77241974591743,175.9833082956627,vessel_destroyed,11
0,4872,301,False,False,nan,-4.880409323610365,1424.803955078125,0.19788943820529514,73.1257409104146,-598418.3053723031,89.0203310296638,179.72250458602355,vessel_destroyed,13
0,4882,302,False,False,nan,-4.910269062966108,1423.3983154296875,0.1976942104763455,72.3326843084069,-598433.1670090184,93.2621590779163,177.76752895782712,vessel_destroyed,10
0,4895,303,False,False,nan,-4.880210501141846,0.0,0.0,101.54234558413737,-598399.3877586866,98.07083698443603,178.7858370733511,vessel_destroyed,13
0,4905,304,False,False,nan,-4.909076076000929,1423.335693359375,0.19768551296657985,126.46640050783753,-598364.4877093171,96.41609580046497,181.73170368591744,vessel_destroyed,10
0,4917,305,False,False,nan,-4.890519610606134,0.0,0.0,69.4473063563928,-598463.316601684,91.23225032060873,176.85857150331537,vessel_destroyed,12
0,4928,306,False,False,nan,-4.900042464025319,0.0,0.0,85.0294687851565,-598487.074606171,92.02946788212284,181.6262311675164,vessel_destroyed,11
0,4938,307,False,False,nan,-4.909902946092188,0.0,0.0,69.37079889990855,-598426.7039209662,88.26738479128107,176.7141387554274,vessel_destroyed,10
0,4952,308,False,False,nan,-4.870150888338685,0.0,0.0,69.35273535107262,-598462.9574287898,89.47202249383554,176.5434091864412,vessel_destroyed,14
0,4970,309,False,False,nan,-4.830443212762475,1414.504150390625,0.1964589097764757,82.76950446586125,-598422.294085674,89.91041095368564,179.5558568072897,vessel_destroyed,18
0,4983,310,False,False,nan,-4.880423162132502,0.0,0.0,83.17860818596091,-598425.9761521649,91.05749444267713,179.11582617612453,vessel_destroyed,13
0,4998,311,False,False,nan,-4.860314844176173,1413.1068115234375,0.19626483493381075,71.22387611388694,-598504.6365649845,92.12633522390388,176.63328057517515,vessel_destroyed,15
0,5014,312,False,False,nan,-4.85042635537684,1421.6920166015625,0.1974572245279948,73.0352134197019,-598410.6213856336,88.98680560954381,179.50156084576517,vessel_destroyed,16
0,5026,313,False,False,nan,-4.890224550850689,0.0,0.0,74.9768696319079,-598457.8025681339,87.29095107945614,178.88035533108953,vessel_destroyed,12
0,5037,314,False,False,nan,-4.900280109606683,0.0,0.0,90.94560675637331,-598387.646419359,91.80596028000582,178.73377893344562,vessel_destroyed,11
0,5047,315,False,False,nan,-4.910150608047843,0.0,0.0,89.24542610230856,-598362.1416319282,92.91471621370874,179.8643519214831,vessel_destroyed,10
0,5057,316,False,False,nan,-4.910041927359998,1418.510498046875,0.19701534695095485,83.28128850983921,-598457.8976831222,93.81286743085366,177.29688455805382,vessel_destroyed,10
0,5071,317,False,False,nan,-4.869932152330875,0.0,0.0,93.88155547401402,-598433.7047628062,91.66991436411627,178.51127436686536,vessel_destroyed,14
0,5088,318,False,False,nan,-4.840142627246678,0.0,0.0,74.78383695159573,-598301.3662632791,92.04485760815442,182.37012018038996,vessel_destroyed,17
0,5105,319,False,False,nan,-4.8401841493323445,1411.4361572265625,0.19603279961480036,74.10763166891411,-598444.0336924152,92.21247475768905,178.84079296846383,vessel_destroyed,17
0,5117,320,False,False,nan,-4.890424765646458,1423.13427734375,0.1976575385199653,74.30339686363004,-598391.8814572439,91.41881391464267,179.982142064143,vessel_destroyed,12
0,5130,321,False,False,nan,-4.8805280374363065,0.0,0.0,71.82390855730046,-598356.5182800487,95.13090241502505,181.22996300176732,vessel_destroyed,13
0,5148,322,False,False,nan,-4.829050631262362,0.0,0.0,92.89305331523065,-598746.476372133,94.7521879725391,177.0459751097313,vessel_destroyed,18
0,5171,323,False,False,nan,-4.7653560023754835,0.0,0.0,211.00671131303534,-597943.74388859,164.17158310406376,207.1591638534568,vessel_destroyed,23
0,5188,324,False,False,nan,-4.833402623422444,0.0,0.0,145.11781885602977,-597709.4560405201,134.1993537885137,214.7254510829317,vessel_destroyed,17
0,5207,325,False,False,nan,-4.808899254538119,0.0,0.0,173.95307481626514,-597551.9606212886,144.66663827444427,223.11861175924037,vessel_destroyed,19
0,5226,326,False,False,nan,-4.807698625139892,0.0,0.0,194.30581751803402,-597408.6452045228,150.28898280707654,230.16841002774248,vessel_destroyed,19
0,5245,327,False,False,nan,-4.806609352119267,0.0,0.0,205.67581362870988,-597466.901251381,154.1966862535337,228.14773646473395,vessel_destroyed,19
0,5267,328,False,False,nan,-4.768192272633314,0.0,0.0,265.0057505007135,-597615.379999402,173.18348822637927,224.28329215175032,vessel_destroyed,22
0,5285,329,False,False,nan,-4.820276719518006,0.0,0.0,167.93013936735224,-597436.5483597158,142.28072567109484,227.9545714001948,vessel_destroyed,18
0,5302,330,False,False,nan,-4.830228180624545,0.0,0.0,164.7213110126322,-597499.4246105832,135.3832809975138,224.97231426044516,vessel_destroyed,17
0,5320,331,False,False,nan,-4.820930194109678,0.0,0.0,160.42764853488188,-597638.7580181324,136.89103752712253,218.68210276139334,vessel_destroyed,18
0,5337,332,False,False,nan,-4.82968485634774,0.0,0.0,180.8427123570582,-597596.7507967995,141.53117966407444,221.409547024318,vessel_destroyed,17
0,5357,333,False,False,nan,-4.796626724302769,0.0,0.0,194.09284167201258,-597462.0955909394,152.7764238693053,228.06756440373263,vessel_destroyed,20
0,5376,334,False,False,nan,-4.810281013138592,0.0,0.0,172.64478354353923,-597674.6745135156,147.69714323349763,217.6259923949473,vessel_destroyed,19
0,5395,335,False,False,nan,-4.80798655282706,0.0,0.0,183.13809095404577,-597311.4380543293,148.16786489391234,233.83561463082847,vessel_destroyed,19
0,5412,336,False,False,nan,-4.832399416714907,0.0,0.0,151.9550572357839,-597726.3301180525,138.22984552709386,214.32660780175178,vessel_destroyed,17
0,5431,337,False,False,nan,-4.810418084263802,0.0,0.0,170.8273624064168,-597315.4745710196,146.01329505967442,233.20869321869756,vessel_destroyed,19
0,5450,338,False,False,nan,-4.808624526485801,0.0,0.0,171.46306874416769,-597721.6045105535,148.4374241429614,215.39896288197892,vessel_destroyed,19
0,5468,339,False,False,nan,-4.821075054816902,0.0,0.0,157.13210989814252,-597700.7574697036,137.30206375196576,215.709812829814,vessel_destroyed,18
0,5485,340,False,False,nan,-4.832079946063459,0.0,0.0,157.4756304405164,-597535.8644595132,134.50823591987137,223.1344209259123,vessel_destroyed,17
0,5503,341,False,False,nan,-4.82153813354671,0.0,0.0,147.36997907946352,-597731.3334624629,136.54239870607853,214.03946106149192,vessel_destroyed,18
0,5523,342,False,False,nan,-4.799715060740709,0.0,0.0,177.41710132046137,-597468.8805297907,149.26314267376438,226.86765149196808,vessel_destroyed,20
0,5541,343,False,False,nan,-4.82191922981292,0.0,0.0,148.202404365642,-597767.4736461338,132.08835543482564,212.29530320759832,vessel_destroyed,18
0,5559,344,False,False,nan,-4.823403780348599,0.0,0.0,137.706308118999,-597854.1867544455,134.74430685595144,207.86152515151946,vessel_destroyed,18
0,5578,345,False,False,nan,-4.813337563537061,0.0,0.0,135.25349724269472,-597796.1407184732,137.05065397592261,210.48754344058523,vessel_destroyed,19
0,5596,346,False,False,nan,-4.82374213449657,0.0,0.0,138.0623983888654,-597761.4683130148,132.59740217251237,212.1362916290576,vessel_destroyed,18
0,5614,347,False,False,nan,-4.823823384009302,0.0,0.0,131.74776606808882,-597867.3776781508,130.45913610828575,206.8923299154435,vessel_destroyed,18
0,5633,348,False,False,nan,-4.81254455447197,0.0,0.0,141.18386029847898,-597864.490341094,140.41097849560902,207.51355424931964,vessel_destroyed,19
0,5652,349,False,False,nan,-4.813352671451867,0.0,0.0,136.30151966493577,-597899.987996547,138.12056082568597,205.5840568942107,vessel_destroyed,19
0,5670,350,False,False,nan,-4.824858224019408,0.0,0.0,126.97152800799813,-598041.5045166387,128.80420828121714,198.24032262089918,vessel_destroyed,18
0,5687,351,False,False,nan,-4.834956333041191,0.0,0.0,125.97935533279087,-598137.9480010397,128.1488663890632,193.5371066873674,vessel_destroyed,17
0,5704,352,False,False,nan,-4.8349980702623725,0.0,0.0,123.2525970247807,-598145.9313626403,127.27923286601435,192.84995210696735,vessel_destroyed,17
0,5722,353,False,False,nan,-4.824579160660505,0.0,0.0,129.56036624184344,-597982.9480223532,129.72244466200937,201.18391194839856,vessel_destroyed,18
0,5736,354,False,False,nan,-4.865497589111328,0.0,0.0,122.03943265683483,-598183.6453085034,122.45020733145066,189.32528694189352,vessel_destroyed,14
0,5752,355,False,False,nan,-4.845352501608431,0.0,0.0,121.98020631284453,-597969.8734296311,122.0240109723527,201.45731521594843,vessel_destroyed,16
0,5769,356,False,False,nan,-4.8347800355404615,0.0,0.0,127.22507698938716,-598060.0646325746,125.87884208280593,197.3071318049167,vessel_destroyed,17
0,5783,357,False,False,nan,-4.865554346702993,0.0,0.0,108.0388383626705,-598251.10573265,121.8728199013276,188.57204018086333,vessel_destroyed,14
0,5797,358,False,False,nan,-4.866676134988666,0.0,0.0,112.38466851087287,-598210.1768588764,113.05914856819436,188.42884252894746,vessel_destroyed,14
0,5812,359,False,False,nan,-4.856585041619837,0.0,0.0,156.83840122201946,-598249.7081732975,114.56500953459181,189.61592122860478,vessel_destroyed,15
0,5827,360,False,False,nan,-4.85663652792573,0.0,0.0,112.55161996651441,-598227.1835594288,114.16195131838322,188.34092653074703,vessel_destroyed,15
0,5842,361,False,False,nan,-4.8566587548702955,0.0,0.0,112.69467132911086,-598274.0223960322,113.86801569873933,185.86524622642,vessel_destroyed,15
0,5856,362,False,False,nan,-4.866943823173642,1413.0335693359375,0.1962546624077691,144.77639833674766,-598237.9510567118,110.75218658929225,189.5741518792959,vessel_destroyed,14
0,5871,363,False,False,nan,-4.856351589784026,0.0,0.0,115.05271290522069,-598188.6108104996,115.40786569169722,190.33972422277768,vessel_destroyed,15
0,5884,364,False,False,nan,-4.877224779687822,1415.591552734375,0.1966099378797743,127.43963715981226,-598122.3044754869,108.70063270942774,194.57355557160898,vessel_destroyed,13
0,5898,365,False,False,nan,-4.866832704283297,0.0,0.0,111.12672191346064,-598313.0130587292,112.16517073812429,183.8472970133754,vessel_destroyed,14
0,5913,366,False,False,nan,-4.856245834380388,0.0,0.0,115.8978844525991,-598298.8769996598,116.81188566866331,184.82368897569202,vessel_destroyed,15
0,5928,367,False,False,nan,-4.856226522475481,0.0,0.0,116.05474778439384,-598263.1775856991,117.47793105861638,186.63513339159644,vessel_destroyed,15
0,5942,368,False,False,nan,-4.866659878753126,0.0,0.0,112.29259314970113,-598285.228841315,113.19709864654578,185.29519720277298,vessel_destroyed,14
0,5956,369,False,False,nan,-4.866958889178932,0.0,0.0,110.27846257970668,-598271.7360645793,111.49836533342022,185.89287646225628,vessel_destroyed,14
0,5970,370,False,False,nan,-4.866748713888228,0.0,0.0,111.55386963416822,-598260.7812251684,112.60877154918853,186.63006645205462,vessel_destroyed,14
0,5985,371,False,False,nan,-4.85652568936348,0.0,0.0,113.76571555470582,-598311.1771215424,114.61990742222406,184.07716132675407,vessel_destroyed,15
0,6000,372,False,False,nan,-4.8561011496931314,0.0,0.0,116.97932195139583,-598277.1452885267,118.12907523964532,185.92685784786994,vessel_destroyed,15
0,6015,373,False,False,nan,-4.8560157073661685,0.0,0.0,117.56643521541264,-598270.6459069945,118.83208957395982,186.26369095161513,vessel_destroyed,15
0,6029,374,False,False,nan,-4.86632929276675,0.0,0.0,115.09542353800498,-598291.6729435119,115.47183443675749,185.05177585114777,vessel_destroyed,14
0,6040,375,False,False,nan,-4.898156906478107,1419.620361328125,0.19716949462890626,122.153878703597,-598215.0376545226,101.57125184487086,189.3920512444738,vessel_destroyed,11
0,6055,376,False,False,nan,-4.8565024035051465,0.0,0.0,113.94335085316561,-598307.4446642802,115.01600249507464,184.21596310394926,vessel_destroyed,15
0,6069,377,False,False,nan,-4.866356614977121,0.0,0.0,129.67906932439655,-598116.4309616423,109.94467000523582,195.00111738547304,vessel_destroyed,14
0,6084,378,False,False,nan,-4.856007418595254,0.0,0.0,118.09317650389858,-598257.8975782598,118.72126239631325,186.86355193851784,vessel_destroyed,15
0,6097,379,False,False,nan,-4.877586618065834,0.0,0.0,135.52353006682824,-598315.1301201623,105.71537341247313,185.072149791417,vessel_destroyed,13
0,6111,380,False,False,nan,-4.867268740199506,0.0,0.0,68.83185588160995,-598397.9602793595,109.02505276491866,183.24258424498424,vessel_destroyed,14
0,6125,381,False,False,nan,-4.867960439063609,0.0,0.0,127.3248687305022,-598175.6497735302,108.55810847505927,191.86779879606513,vessel_destroyed,14
0,6139,382,False,False,nan,-4.86650918237865,4238.10400390625,0.5886255560980903,111.19683456956409,-598330.9434002934,114.4938554004766,182.88981352610793,vessel_destroyed,14
0,6154,383,False,False,nan,-4.856204700656235,0.0,0.0,116.222718742094,-598309.2923224993,117.35660999303218,184.24861091253013,vessel_destroyed,15
0,6169,384,False,False,nan,-4.856820066459477,0.0,0.0,111.6541344820289,-598282.58740268,112.86253644910175,185.4792781744012,vessel_destroyed,15
0,6182,385,False,False,nan,-4.877148274332285,0.0,0.0,115.76586687401868,-598339.3504366212,109.46532209473662,182.74532192151656,vessel_destroyed,13
0,6196,386,False,False,nan,-4.86667150631547,0.0,0.0,112.52815520844888,-598312.3120207138,113.82515632698778,183.91717056125495,vessel_destroyed,14
0,6209,387,False,False,nan,-4.87717420142144,0.0,0.0,120.85893295635469,-598093.2936059064,108.94106884906068,195.68556073668213,vessel_destroyed,13
0,6224,388,False,False,nan,-4.856652839109302,0.0,0.0,108.92049037490506,-598333.6217471955,113.85970051109325,182.69713529126633,vessel_destroyed,15
0,6239,389,False,False,nan,-4.855908536352217,0.0,0.0,118.3455279666232,-598304.8424413389,119.75942562671844,184.54564077150314,vessel_destroyed,15
0,6254,390,False,False,nan,-4.856111877597868,0.0,0.0,116.66084550099913,-598290.8362670765,118.30596565257292,185.30713817738123,vessel_destroyed,15
0,6269,391,False,False,nan,-4.856214982457459,0.0,0.0,116.13197976024821,-598310.0301351206,117.2159204557538,184.1744808933259,vessel_destroyed,15
0,6284,392,False,False,nan,-4.856129111722112,0.0,0.0,116.66029950499069,-598298.1201385456,117.93299736105837,184.83914634037262,vessel_destroyed,15
0,6298,393,False,False,nan,-4.866812408901751,0.0,0.0,149.98346556909382,-598295.7844253875,112.37134011706803,186.88066761838442,vessel_destroyed,14
0,6312,394,False,False,nan,-4.867268503643572,0.0,0.0,136.8846544320695,-598244.209568881,111.3991365613183,188.88076584260943,vessel_destroyed,14
0,6329,395,False,False,nan,-4.835282731801271,0.0,0.0,123.70247770939022,-598316.3042046884,124.78905688901432,184.1955212771919,vessel_destroyed,17
0,6340,396,False,False,nan,-4.899419830180705,0.0,0.0,75.46484421542846,-598441.4829898367,98.90280089981388,179.04807056087841,vessel_destroyed,11
0,6355,397,False,False,nan,-4.856337029486895,0.0,0.0,115.3253250005655,-598297.5418452075,116.32327840605285,184.79646742629723,vessel_destroyed,15
0,6369,398,False,False,nan,-4.866794782690704,0.0,0.0,108.05910479603335,-598327.3201508472,112.09374057711102,182.9857743156159,vessel_destroyed,14
0,6381,399,False,False,nan,-4.888508140109479,0.0,0.0,98.02815262891818,-598363.4172202522,101.02179586782586,180.17128675992927,vessel_destroyed,12
0,6394,400,False,False,nan,-4.877508298493922,1415.5362548828125,0.19660225762261285,69.59406309830956,-598400.0120049615,106.53055685560685,182.74727870014155,vessel_destroyed,13
0,6408,401,False,False,nan,-4.867244083434343,0.0,0.0,69.70568124391139,-598260.491888806,109.07929768762551,184.45237526487665,vessel_destroyed,14
0,6422,402,False,False,nan,-4.867105633020401,0.0,0.0,128.95887363690417,-598421.7527152443,112.23427423136309,179.93397219481804,vessel_destroyed,14
0,6433,403,False,False,nan,-4.898071378469467,1419.8148193359375,0.19719650268554687,101.55330565141048,-598123.4318354718,102.78937540191691,192.73746325180437,vessel_destroyed,11
0,6445,404,False,False,nan,-4.887265527620912,1418.34814453125,0.1969927978515625,116.2661633756943,-598105.0558321477,108.30354969762266,194.63845524881984,vessel_destroyed,12
0,6460,405,False,False,nan,-4.856550973840058,0.0,0.0,113.34405518788844,-598267.6455502644,114.47288070525974,186.2754962848398,vessel_destroyed,15
0,6473,406,False,False,nan,-4.877239625900984,0.0,0.0,116.82971560943406,-598177.0491413575,108.6914799103979,191.2454860136891,vessel_destroyed,13
0,6487,407,False,False,nan,-4.866816749796271,0.0,0.0,114.9387494425755,-598333.8530083236,112.29763323906809,183.00533619718811,vessel_destroyed,14
0,6500,408,False,False,nan,-4.877194926142693,1415.6253662109375,0.19661463419596353,144.7433651094325,-598251.0089645663,112.17942654050421,188.70481917571504,vessel_destroyed,13
0,6514,409,False,False,nan,-4.866838230751455,0.0,0.0,111.25044605392031,-598317.8662176299,112.54466034320649,183.55726869925172,vessel_destroyed,14
0,6528,410,False,False,nan,-4.867222510278225,0.0,0.0,108.21870571363252,-598285.2216661294,109.80909105658066,185.17953466604447,vessel_destroyed,14
0,6541,411,False,False,nan,-4.877356640994549,0.0,0.0,134.54314330569468,-598236.615773404,108.3006702910643,189.1162792612895,vessel_destroyed,13
0,6554,412,False,False,nan,-4.878031063824892,0.0,0.0,101.82042739540339,-598421.8219476906,111.28212927491404,177.9668960057714,vessel_destroyed,13
0,6566,413,False,False,nan,-4.888355988077819,0.0,0.0,124.30709900776856,-598301.1615622744,101.8114686482586,185.23596901677305,vessel_destroyed,12
0,6579,414,False,False,nan,-4.877488384023309,0.0,0.0,137.9672548926901,-598344.604948916,107.95864696649369,184.48601819684112,vessel_destroyed,13
0,6589,415,False,False,nan,-4.90809616073966,0.0,0.0,156.3822307450464,-598184.2008126732,95.80381126829889,192.8243418385212,vessel_destroyed,10
0,6600,416,False,False,nan,-4.897784707136452,0.0,0.0,103.61981018050574,-598304.5765839206,101.30650493188296,183.89472738250294,vessel_destroyed,11
0,6613,417,False,False,nan,-4.877518341876566,0.0,0.0,130.06278410507366,-598196.9629391276,106.75230523047503,190.94865082364853,vessel_destroyed,13
0,6624,418,False,False,nan,-4.897776942700148,1418.156494140625,0.19696617974175348,126.68921950063668,-598253.501492545,104.4891074191546,187.75486307899624,vessel_destroyed,11
0,6637,419,False,False,nan,-4.8772572837769985,1414.59912109375,0.19647210015190972,68.87433856516145,-598438.6002831492,108.49250769999344,181.94306778125056,vessel_destroyed,13
0,6649,420,False,False,nan,-4.887810369953513,0.0,0.0,124.3406695292797,-598198.4621897774,104.82048894872423,190.55846545041106,vessel_destroyed,12
0,6662,421,False,False,nan,-4.877154685556889,0.0,0.0,106.16671783290803,-598334.7041559032,110.11072219756898,182.5030355611228,vessel_destroyed,13
0,6676,422,False,False,nan,-4.866261803545058,0.0,0.0,115.77550574322231,-598333.5209924483,116.65993755671661,182.9532497092774,vessel_destroyed,14
0,6686,423,False,False,nan,-4.909519074484706,0.0,0.0,89.47622528928332,-598283.0647133734,90.49923125084024,184.01200423957116,vessel_destroyed,10
0,6696,424,False,False,nan,-4.909229445271194,0.0,0.0,69.5950282671256,-598383.5977758416,94.37039654608816,179.43405206616978,vessel_destroyed,10
0,6707,425,False,False,nan,-4.8991357404738665,0.0,0.0,92.87734593509231,-598371.5720399551,99.39776143373456,179.35327234736616,vessel_destroyed,11
0,6720,426,False,False,nan,-4.877913549542427,0.0,0.0,100.97749749966897,-598384.5969762346,110.37254951288924,179.1435347032042,vessel_destroyed,13
0,6730,427,False,False,nan,-4.910362223163247,1423.0450439453125,0.19764514499240451,84.53552165068686,-598380.5849152537,96.468679753365,181.63979535128513,vessel_destroyed,10
0,6744,428,False,False,nan,-4.866909545846283,0.0,0.0,106.64079445693642,-598357.4411390867,111.53694312239531,181.31144407190453,vessel_destroyed,14
0,6755,429,False,False,nan,-4.8980886256322265,1420.584228515625,0.19730336507161458,120.45162357331719,-598233.6705350472,102.52619997237343,188.3813659276532,vessel_destroyed,11
0,6766,430,False,False,nan,-4.897655535489321,4255.2939453125,0.5910130479600695,110.66357833880465,-598335.4021594198,105.06612496613525,181.96982108045086,vessel_destroyed,11
0,6780,431,False,False,nan,-4.866931420750916,0.0,0.0,137.87051085126586,-598344.504740763,111.90184152149595,183.6698738161785,vessel_destroyed,14
0,6793,432,False,False,nan,-4.87742911092937,0.0,0.0,106.45693662390113,-598331.2443105967,107.25659079756588,182.66231917535478,vessel_destroyed,13
0,6807,433,False,False,nan,-4.866864237934351,0.0,0.0,116.97248269501142,-598346.659051454,112.112472550245,182.4180094527496,vessel_destroyed,14
0,6819,434,False,False,nan,-4.887882483191788,0.0,0.0,71.02011242473964,-598263.6766009715,103.6313592948718,184.29657696649127,vessel_destroyed,12
0,6833,435,False,False,nan,-4.866475038230419,0.0,0.0,102.6431147500407,-598350.8956235719,114.7804461659398,181.3612674848254,vessel_destroyed,14
0,6843,436,False,False,nan,-4.910456779412925,1423.1123046875,0.19765448676215278,74.15739481127821,-598417.0517927335,95.44742618734017,182.5996202772266,vessel_destroyed,10
0,6858,437,False,False,nan,-4.856286500580609,0.0,0.0,115.96989104012027,-598283.7124065828,117.26830194622744,185.5323946831917,vessel_destroyed,15
0,6870,438,False,False,nan,-4.888602728955448,0.0,0.0,97.21933745010756,-598371.1328569324,104.37125916138757,179.65548096880843,vessel_destroyed,12
0,6884,439,False,False,nan,-4.866842924617231,0.0,0.0,111.3660771891009,-598284.189867969,111.89215791749302,185.28478806480564,vessel_destroyed,14
0,6898,440,False,False,nan,-4.866967793554068,0.0,0.0,110.21974341210444,-598326.6086788783,111.3692103321664,183.04812421026014,vessel_destroyed,14
0,6912,441,False,False,nan,-4.866849552839994,0.0,0.0,111.10168374411296,-598342.0185754967,112.27996391872875,182.22861875707062,vessel_destroyed,14
0,6924,442,False,False,nan,-4.888027388602495,0.0,0.0,101.67537214362528,-598296.1110319752,98.6221323099453,184.28617588748529,vessel_destroyed,12
0,6938,443,False,False,nan,-4.866443949751556,0.0,0.0,115.15410030563362,-598356.3113940608,114.79717715189327,181.80111215703087,vessel_destroyed,14
0,6949,444,False,False,nan,-4.897809072397649,0.0,0.0,95.78132354991976,-598318.5571380917,101.21062676690053,183.10198748534148,vessel_destroyed,11
0,6962,445,False,False,nan,-4.87709638196975,0.0,0.0,109.18142780242488,-598305.255513548,104.35411770350765,184.19872782243866,vessel_destroyed,13
0,6975,446,False,False,nan,-4.877307439222932,0.0,0.0,69.38111702911556,-598268.4476336358,108.19626571680419,184.03252645710623,vessel_destroyed,13
0,6989,447,False,False,nan,-4.8662838796153665,0.0,0.0,115.45966272545047,-598327.7616047997,116.769148526364,183.24231126388008,vessel_destroyed,14
0,7000,448,False,False,nan,-4.899174302816391,0.0,0.0,92.67533033003565,-598404.3907679629,100.06905469996855,179.02679758879188,vessel_destroyed,11
0,7011,449,False,False,nan,-4.8977301344275475,4258.95751953125,0.5915218777126736,107.39915647299495,-598311.1795146188,104.47463074245024,183.36687920816564,vessel_destroyed,11
0,7024,450,False,False,nan,-4.877393105067313,0.0,0.0,113.42860583565198,-598330.3489261627,107.69417340273503,183.11235344530408,vessel_destroyed,13
0,7037,451,False,False,nan,-4.877349968999624,0.0,0.0,105.42122932942584,-598344.6513323148,107.83204178640153,181.89851930467935,vessel_destroyed,13
0,7048,452,False,False,nan,-4.90029033087194,0.0,0.0,81.26482552371453,-598389.542036855,99.57683474232908,180.56119841978204,vessel_destroyed,11
0,7062,453,False,False,nan,-4.866797337308526,0.0,0.0,111.6280918836128,-598332.0645641288,112.71322431357112,182.82114438515865,vessel_destroyed,14
0,7075,454,False,False,nan,-4.877476763911545,0.0,0.0,124.31884725601412,-598310.5280698552,107.26057278376538,184.72887439646914,vessel_destroyed,13
0,7089,455,False,False,nan,-4.8670796528458595,0.0,0.0,106.57203719241079,-598334.0097826491,110.34311404475011,182.52623699085314,vessel_destroyed,14
0,7102,456,False,False,nan,-4.8770089177414775,0.0,0.0,109.96698787913192,-598302.352439605,106.10997186729219,184.39957024105777,vessel_destroyed,13
0,7117,457,False,False,nan,-4.856674258597195,0.0,0.0,112.64735649479553,-598251.0543990912,113.4884404890472,187.0892127408262,vessel_destroyed,15
0,7130,458,False,False,nan,-4.876892924308777,0.0,0.0,110.53385166137014,-598329.3051310475,111.68610270135105,182.88229990506997,vessel_destroyed,13
0,7145,459,False,False,nan,-4.856279492378235,0.0,0.0,115.91042409581132,-598240.164739219,116.56710851634853,187.8180720329354,vessel_destroyed,15
0,7158,460,False,False,nan,-4.8775968523696065,0.0,0.0,129.1931279199198,-598268.618954145,105.65399621624965,187.1724154375022,vessel_destroyed,13
0,7171,461,False,False,nan,-4.876982775516808,0.0,0.0,88.91126422432717,-598408.8054709034,110.69443308608606,180.30485115752919,vessel_destroyed,13
0,7184,462,False,False,nan,-4.87685058452189,0.0,0.0,153.95462788501754,-598219.3364090062,106.27590767259244,191.0463863563232,vessel_destroyed,13
0,7196,463,False,False,nan,-4.888574413955212,0.0,0.0,97.16916232544463,-598451.625013839,106.6386248540366,178.4055436284688,vessel_destroyed,12
0,7208,464,False,False,nan,-4.888176660984755,1415.672119140625,0.19662112765842013,130.5202963189222,-598257.5736822445,101.11241124256048,187.74595502081462,vessel_destroyed,12
0,7222,465,False,False,nan,-4.86614481266588,0.0,0.0,117.4013348709559,-598241.2387168559,114.30189268907998,187.83314874140015,vessel_destroyed,14
0,7235,466,False,False,nan,-4.877842403948307,0.0,0.0,138.2146949704038,-598330.4198109073,106.19221554859541,184.43952190928783,vessel_destroyed,13
0,7246,467,False,False,nan,-4.897971131838858,0.0,0.0,118.6080118882237,-598165.3128964637,102.69663504010532,191.92262925586633,vessel_destroyed,11
0,7260,468,False,False,nan,-4.866841929964721,0.0,0.0,107.43149601435289,-598320.0773664705,112.50181305140723,183.3091635305734,vessel_destroyed,14
0,7270,469,False,False,nan,-4.909513955004513,0.0,0.0,83.48521873331629,-598407.6797721791,98.61426993308123,178.8788470929301,vessel_destroyed,10
0,7284,470,False,False,nan,-4.86679258570075,0.0,0.0,111.62192602199502,-598298.8137770706,112.54071841714904,184.59127579909355,vessel_destroyed,14
0,7297,471,False,False,nan,-4.877142475917935,0.0,0.0,108.5701163863996,-598325.7736610618,109.3660976588726,183.0436249236905,vessel_destroyed,13
0,7310,472,False,False,nan,-4.876884252764285,0.0,0.0,111.15103085828014,-598287.5106060634,111.06452124018688,185.06368829836288,vessel_destroyed,13
0,7321,473,False,False,nan,-4.898751276545227,0.0,0.0,96.14228194614407,-598370.7615249734,101.20967047498561,179.53964626223353,vessel_destroyed,11
0,7335,474,False,False,nan,-4.8668284406885505,0.0,0.0,107.81262175017036,-598338.141100844,112.26271013822407,182.38449863584867,vessel_destroyed,14
0,7348,475,False,False,nan,-4.877350606024265,0.0,0.0,107.18151377525646,-598292.8359129053,107.84425175259821,184.6678368796227,vessel_destroyed,13
0,7362,476,False,False,nan,-4.866611773148179,0.0,0.0,112.84260500618257,-598349.6043035513,114.11887837655377,182.01731080973516,vessel_destroyed,14
0,7376,477,False,False,nan,-4.866129177622497,0.0,0.0,118.3148884321563,-598172.3751642739,113.94357716757804,191.42149574945657,vessel_destroyed,14
0,7389,478,False,False,nan,-4.87680306378752,0.0,0.0,120.24780318816192,-598146.65202208,105.86767446808517,192.98123364445624,vessel_destroyed,13
0,7401,479,False,False,nan,-4.887526631355286,1417.302001953125,0.19684750027126735,133.99274181190412,-598341.0027402542,106.40443590132054,183.60257258827403,vessel_destroyed,12
0,7416,480,False,False,nan,-4.85629871673882,0.0,0.0,115.6807064129971,-598360.9858755476,116.24562237039208,181.5136428019643,vessel_destroyed,15
0,7427,481,False,False,nan,-4.89922471717,0.0,0.0,92.42782129033003,-598376.2762862259,101.93261961056851,178.82338451203196,vessel_destroyed,11
0,7441,482,False,False,nan,-4.866894731298089,0.0,0.0,110.9814327097265,-598311.2630720033,111.3652857177658,183.84026372535968,vessel_destroyed,14
0,7453,483,False,False,nan,-4.887348969466984,1418.04150390625,0.19695020887586806,117.32297468045726,-598115.3532554323,107.78663843730465,194.3477192407258,vessel_destroyed,12
0,7466,484,False,False,nan,-4.877163575962186,0.0,0.0,108.88284630631097,-598292.0930096331,109.58253779297229,184.80635914400006,vessel_destroyed,13
0,7480,485,False,False,nan,-4.866368715651333,0.0,0.0,115.17899911326822,-598318.4087936076,115.9563211556524,183.64896909583115,vessel_destroyed,14
0,7493,486,False,False,nan,-4.878486413508654,0.0,0.0,113.06765485345386,-598308.4941803766,106.92718958808109,184.23931667487795,vessel_destroyed,13
0,7506,487,False,False,nan,-4.877220586873591,0.0,0.0,106.40697121038102,-598329.8493915101,108.9608626611298,182.71577310389418,vessel_destroyed,13
0,7520,488,False,False,nan,-4.866756706498563,0.0,0.0,112.20298933854792,-598310.1767752393,112.39838279655669,183.9032953418962,vessel_destroyed,14
0,7533,489,False,False,nan,-4.878094690851867,1414.9683837890625,0.1965233866373698,77.03712986013852,-598395.7634260493,105.88240723311901,183.9393053796196,vessel_destroyed,13
0,7545,490,False,False,nan,-4.887709876522422,0.0,0.0,121.92869866336696,-598259.943451213,105.20503096352331,187.2573448587559,vessel_destroyed,12
0,7559,491,False,False,nan,-4.867731126025319,0.0,0.0,104.18660313822329,-598090.9589724244,109.05857064551674,195.17321309761186,vessel_destroyed,14
0,7573,492,False,False,nan,-4.866408300586045,0.0,0.0,114.56184683099855,-598260.1206732551,115.47431872645393,186.72070010316875,vessel_destroyed,14
